1.61803398874989484820458683436563811772030917980576286213544862270526046281890
244970720720418939113748475408807538689175212663386222353693179318006076672635
443338908659593958290563832266131992829026788067520876689250171169620703222104
321626954862629631361443814975870122034080588795445474924618569536486444924104
432077134494704956584678850987433944221254487706647809158846074998871240076521
705751797883416625624940758906970400028121042762177111777805315317141011704666
599146697987317613560067087480710131795236894275219484353056783002287856997829
778347845878228911097625003026961561700250464338243776486102838312683303724292
675263116533924731671112115881863851331620384005222165791286675294654906811317
159934323597349498509040947621322298101726107059611645629909816290555208524790
352406020172799747175342777592778625619432082750513121815628551222480939471234
145170223735805772786160086883829523045926478780178899219902707769038953219681
9861514378031499741106926088674296226757560523172777